%YAML:1.0
---
rotation: !!opencv-matrix
   rows: 3
   cols: 3
   dt: d
   data: [ 9.9998066295646348e-01, -2.3446681208261111e-03,
       5.7598823386329151e-03, 2.3337654491301821e-03,
       9.9999547393193444e-01, 1.8988560962664293e-03,
       -5.7643084563683633e-03, -1.8853771636104365e-03,
       9.9998160888136867e-01 ]
translation: !!opencv-matrix
   rows: 3
   cols: 1
   dt: d
   data: [ -5.1298279314998606e-02, 4.6117246170294344e-04,
       3.7020381066011328e-03 ]
essential: !!opencv-matrix
   rows: 3
   cols: 3
   dt: d
   data: [ -1.1298028945387532e-05, -3.7028908349524617e-03,
       4.5413434259816053e-04, 3.4062674148764992e-03,
       -1.0539665508363913e-04, 5.1318659186165301e-02,
       -5.8088169585614690e-04, -5.1296965839125623e-02,
       -1.0006434952248982e-04 ]
fundamental: !!opencv-matrix
   rows: 3
   cols: 3
   dt: d
   data: [ -2.2076640557387454e-08, -7.2529750760081540e-06,
       1.8287702986733323e-03, 6.6787870280173424e-06,
       -2.0715272744164170e-07, 3.5363237640456568e-02,
       -4.8430527863400413e-03, -9.9179068817844510e-02, 1. ]
