%YAML:1.0
---
cameraMatrix: !!opencv-matrix
   rows: 3
   cols: 3
   dt: d
   data: [ 1.0572316570237249e+03, 0., 9.5613447079475100e+02, 0.,
       1.0536141815007011e+03, 5.4862386238809040e+02, 0., 0., 1. ]
distortionCoefficients: !!opencv-matrix
   rows: 1
   cols: 5
   dt: d
   data: [ 4.7486524395167456e-02, -5.1561262382424908e-02,
       2.0589896077975794e-03, -1.4620110198451709e-03,
       8.6151366720213680e-03 ]
rotation: !!opencv-matrix
   rows: 3
   cols: 3
   dt: d
   data: [ 1., 0., 0., 0., 1., 0., 0., 0., 1. ]
projection: !!opencv-matrix
   rows: 4
   cols: 4
   dt: d
   data: [ 1.0572316570237249e+03, 0., 9.5613447079475100e+02, 0., 0.,
       1.0536141815007011e+03, 5.4862386238809040e+02, 0., 0., 0., 1.,
       0., 0., 0., 0., 1. ]
