%YAML:1.0
---
depthShift: -1.7729753302207246e+01
