%YAML:1.0
---
cameraMatrix: !!opencv-matrix
   rows: 3
   cols: 3
   dt: d
   data: [ 3.6803197915684552e+02, 0., 2.5629230640497588e+02, 0.,
       3.6714750778621686e+02, 2.0633246669265714e+02, 0., 0., 1. ]
distortionCoefficients: !!opencv-matrix
   rows: 1
   cols: 5
   dt: d
   data: [ 7.9305345087088003e-02, -2.6136744726997835e-01,
       1.3958198290154663e-03, -6.0487344959218848e-04,
       9.4840977067938342e-02 ]
rotation: !!opencv-matrix
   rows: 3
   cols: 3
   dt: d
   data: [ 1., 0., 0., 0., 1., 0., 0., 0., 1. ]
projection: !!opencv-matrix
   rows: 4
   cols: 4
   dt: d
   data: [ 3.6803197915684552e+02, 0., 2.5629230640497588e+02, 0., 0.,
       3.6714750778621686e+02, 2.0633246669265714e+02, 0., 0., 0., 1.,
       0., 0., 0., 0., 1. ]
